#include "CalibData.hpp"

CalibData calibrationSets[]{
{
0,      //controllerindex
0,      //sensorIndex
{0.000000,0.000000,0.000000},//accelBias
{0.000616,0.000966,-0.009676},//gyrobias
{-5.932755,-29.359560,-8.725225},//hardIron
{1.034776,-0.019334,0.006597,-0.019334,0.961972,0.006315,0.006597,0.006315,1.005058},//softIron
48.525284//magfield
},

{
0,      //controllerindex
1,      //sensorIndex
{0.000000,0.000000,0.000000},//accelBias
{0.007603,-0.021200,0.000050},//gyrobias
{-42.745296,-9.749575,20.779453},//hardIron
{1.028661,-0.019210,0.005685,-0.019210,0.968913,-0.000673,0.005685,-0.000673,1.003730},//softIron
47.493793//magfield
},

{
0,      //controllerindex
2,      //sensorIndex
{0.000000,0.000000,0.000000},//accelBias
{-0.012882,-0.001582,-0.001674},//gyrobias
{17.364214,-5.963294,34.401352},//hardIron
{1.008628,-0.022871,-0.004684,-0.022871,0.973716,0.008953,-0.004684,0.008953,1.018853},//softIron
48.365723//magfield
},

{
0,      //controllerindex
3,      //sensorIndex
{0.000000,0.000000,0.000000},//accelBias
{-0.003839,0.015830,-0.006403},//gyrobias
{2.180344,10.391054,41.147720},//hardIron
{1.029473,-0.003898,0.007350,-0.003898,0.978253,-0.006372,0.007350,-0.006372,0.993074},//softIron
47.504360//magfield
},

{
0,      //controllerindex
4,      //sensorIndex
{0.000000,0.000000,0.000000},//accelBias
{0.005796,0.000158,0.004405},//gyrobias
{-21.349653,16.564987,-10.783118},//hardIron
{1.024646,-0.004584,0.005335,-0.004584,0.972065,0.006970,0.005335,0.006970,1.004093},//softIron
48.947235//magfield
},

{
0,      //controllerindex
5,      //sensorIndex
{0.000000,0.000000,0.000000},//accelBias
{-0.003597,-0.002415,-0.003647},//gyrobias
{12.595722,-3.036313,-18.672426},//hardIron
{1.024214,-0.010894,0.012126,-0.010894,0.959509,-0.001254,0.012126,-0.001254,1.017828},//softIron
48.560913//magfield
},

{
0,      //controllerindex
6,      //sensorIndex
{0.000000,0.000000,0.000000},//accelBias
{0.000983,-0.000475,0.003214},//gyrobias
{5.022198,-7.981039,-8.496399},//hardIron
{1.033048,-0.043432,-0.003325,-0.043432,0.984526,0.006668,-0.003325,0.006668,0.985104},//softIron
47.305309//magfield
},

{
0,      //controllerindex
7,      //sensorIndex
{0.000000,0.000000,0.000000},//accelBias
{-0.009768,-0.003497,-0.002823},//gyrobias
{-38.805309,-4.989368,-19.857349},//hardIron
{1.026313,-0.045533,0.009419,-0.045533,0.986962,0.001193,0.009419,0.001193,0.989347},//softIron
47.608818//magfield
},


/////////////controller B
{
1,      //controllerindex
0,      //sensorIndex
{0.000000,0.000000,0.000000},//accelBias
{0.000824,0.007011,0.005213},//gyrobias
{-11.555323,-13.326333,15.514660},//hardIron
{1.033954,-0.031330,0.006879,-0.031330,0.971828,0.000312,0.006879,0.000312,0.996217},//softIron
46.942730//magfield
},

{
1,      //controllerindex
1,      //sensorIndex
{0.000000,0.000000,0.000000},//accelBias
{0.009726,0.009301,0.005388},//gyrobias
{5.036726,7.907860,32.520309},//hardIron
{1.018956,-0.021316,0.000071,-0.021316,0.971294,0.002078,0.000071,0.002078,1.010870},//softIron
47.842922//magfield
},

{
1,      //controllerindex
2,      //sensorIndex
{0.000000,0.000000,0.000000},//accelBias
{0.003739,-0.001524,0.002332},//gyrobias
{-19.630354,-2.264633,18.383480},//hardIron
{1.040678,-0.026753,0.014343,-0.026753,0.977153,-0.003127,0.014343,-0.003127,0.984277},//softIron
47.384380//magfield
},

{
1,      //controllerindex
3,      //sensorIndex
{0.000000,0.000000,0.000000},//accelBias
{-0.020484,-0.005746,-0.009643},//gyrobias
{-6.256618,22.711586,0.177987},//hardIron
{1.029407,-0.014324,0.015034,-0.014324,0.969369,0.002950,0.015034,0.002950,1.002565},//softIron
47.742828//magfield
},

{
1,      //controllerindex
4,      //sensorIndex
{0.000000,0.000000,0.000000},//accelBias
{0.015954,-0.002240,-0.004488},//gyrobias
{-40.065765,-22.978792,6.884359},//hardIron
{1.017031,-0.006690,0.003841,-0.006690,0.973793,0.005245,0.003841,0.005245,1.009805},//softIron
48.307163//magfield
},

{
1,      //controllerindex
5,      //sensorIndex
{0.000000,0.000000,0.000000},//accelBias
{0.019843,-0.004613,-0.003231},//gyrobias
{12.063061,9.217522,-19.570223},//hardIron
{1.031424,-0.020286,0.003765,-0.020286,0.984281,0.016681,0.003765,0.016681,0.985715},//softIron
47.373386//magfield
},

{
1,      //controllerindex
6,      //sensorIndex
{0.000000,0.000000,0.000000},//accelBias
{-0.007969,-0.021242,0.001890},//gyrobias
{-7.705038,-19.161366,-2.208708},//hardIron
{1.008881,-0.008134,0.003847,-0.008134,0.988886,0.002789,0.003847,0.002789,1.002426},//softIron
47.730442//magfield
},

{
1,      //controllerindex
7,      //sensorIndex
{0.000000,0.000000,0.000000},//accelBias
{-0.004605,-0.001449,-0.000566},//gyrobias
{0.336281,2.357177,-29.881321},//hardIron
{1.037231,-0.000789,-0.000518,-0.000789,0.968323,0.003845,-0.000518,0.003845,0.995661},//softIron
46.815128//magfield
},
{
2,      //controllerindex
0,      //sensorIndex
{0.000000,0.000000,0.000000},//accelBias
{0.000000,0.000000,0.000000},//gyrobias
{-36.121483,-24.739384,6.435102},//hardIron
{1.009117,-0.011831,0.000662,-0.011831,0.985828,0.007041,0.000662,0.007041,1.005404},//softIron
48.263016//magfield
},

{
2,      //controllerindex
1,      //sensorIndex
{0.000000,0.000000,0.000000},//accelBias
{0.000000,0.000000,0.000000},//gyrobias
{-19.192587,-0.976067,5.093008},//hardIron
{1.026206,-0.015845,-0.004050,-0.015845,0.976027,-0.001331,-0.004050,-0.001331,0.998666},//softIron
47.969273//magfield
},

{
2,      //controllerindex
2,      //sensorIndex
{0.000000,0.000000,0.000000},//accelBias
{0.000000,0.000000,0.000000},//gyrobias
{5.097925,11.868370,42.920883},//hardIron
{1.024660,-0.013920,0.000915,-0.013920,0.976134,0.005554,0.000915,0.005554,1.000022},//softIron
48.445694//magfield
},

{
2,      //controllerindex
3,      //sensorIndex
{0.000000,0.000000,0.000000},//accelBias
{0.000000,0.000000,0.000000},//gyrobias
{11.773514,-15.966524,41.473751},//hardIron
{1.023929,-0.017821,0.006221,-0.017821,0.976742,0.001748,0.006221,0.001748,1.000244},//softIron
47.869793//magfield
},

{
2,      //controllerindex
4,      //sensorIndex
{0.000000,0.000000,0.000000},//accelBias
{0.000000,0.000000,0.000000},//gyrobias
{0.286942,-1.399803,60.119743},//hardIron
{1.027195,0.006198,0.018616,0.006198,0.982882,0.005531,0.018616,0.005531,0.990885},//softIron
48.124268//magfield
},

{
2,      //controllerindex
5,      //sensorIndex
{0.000000,0.000000,0.000000},//accelBias
{0.000000,0.000000,0.000000},//gyrobias
{-11.242447,0.321085,36.816010},//hardIron
{1.010702,-0.015550,0.005082,-0.015550,0.987516,0.004040,0.005082,0.004040,1.002205},//softIron
47.822906//magfield
},

{
2,      //controllerindex
6,      //sensorIndex
{0.000000,0.000000,0.000000},//accelBias
{0.000000,0.000000,0.000000},//gyrobias
{27.420254,8.546021,33.649261},//hardIron
{1.031953,-0.008710,-0.002949,-0.008710,0.971956,0.007310,-0.002949,0.007310,0.997135},//softIron
48.205360//magfield
},
//////////////////////sensor 7  one is not calibrated yet 
{
2,      //controllerindex
7,      //sensorIndex
{0.000000,0.000000,0.000000},//accelBias
{0.019718,1.124871,2.176066},//gyrobias
{-5.932755,-29.359560,-8.725225},//hardIron
{1.034776,-0.019334,0.006597,-0.019334,0.961972,0.006315,0.006597,0.006315,1.005058},//softIron
48.525284//magfield
},
{
3,      //controllerindex
0,      //sensorIndex
{0.000000,0.000000,0.000000},//accelBias
{0.000566,0.007578,0.003722},//gyrobias
{-29.855883,1.738317,-9.896021},//hardIron
{1.029263,-0.022962,0.004165,-0.022962,0.981319,0.006051,0.004165,0.006051,0.990638},//softIron
47.113918//magfield
},

{
3,      //controllerindex
1,      //sensorIndex
{0.000000,0.000000,0.000000},//accelBias
{-0.013973,0.011658,0.002581},//gyrobias
{-19.221193,-8.284954,20.098166},//hardIron
{1.013269,-0.019026,0.007203,-0.019026,0.978827,0.001238,0.007203,0.001238,1.008674},//softIron
47.039360//magfield
},

{
3,      //controllerindex
2,      //sensorIndex
{0.000000,0.000000,0.000000},//accelBias
{0.005596,0.005787,-0.004913},//gyrobias
{-25.994579,10.142662,20.902454},//hardIron
{1.028246,-0.015430,0.000605,-0.015430,0.969922,0.004821,0.000605,0.004821,1.002952},//softIron
47.562191//magfield
},

{
3,      //controllerindex
3,      //sensorIndex
{0.000000,0.000000,0.000000},//accelBias
{0.011666,0.009643,-0.003839},//gyrobias
{25.256945,-5.203007,-19.919975},//hardIron
{1.013479,-0.008736,-0.002617,-0.008736,0.986523,0.000629,-0.002617,0.000629,1.000263},//softIron
47.507614//magfield
},

{
3,      //controllerindex
4,      //sensorIndex
{0.000000,0.000000,0.000000},//accelBias
{-0.005054,-0.000533,-0.002673},//gyrobias
{-24.097992,9.032582,10.658449},//hardIron
{1.041422,-0.038375,0.001128,-0.038375,0.974333,0.004227,0.001128,0.004227,0.986973},//softIron
46.814449//magfield
},

{
3,      //controllerindex
5,      //sensorIndex
{0.000000,0.000000,0.000000},//accelBias
{-0.017220,-0.005304,-0.007103},//gyrobias
{3.614878,-8.363346,13.373646},//hardIron
{1.024809,-0.000362,-0.000921,-0.000362,0.973154,0.010960,-0.000921,0.010960,1.002835},//softIron
46.318031//magfield
},

{
3,      //controllerindex
6,      //sensorIndex
{0.000000,0.000000,0.000000},//accelBias
{-0.013023,-0.002981,-0.002382},//gyrobias
{2.534433,27.091335,1.890224},//hardIron
{1.011984,-0.016763,0.001729,-0.016763,0.981542,-0.006235,0.001729,-0.006235,1.007068},//softIron
47.508579//magfield
},
////////// sensor 4 still needs calib
{
3,      //controllerindex
7,      //sensorIndex
{0.000000,0.000000,0.000000},//accelBias
{0.019718,1.124871,2.176066},//gyrobias
{-5.932755,-29.359560,-8.725225},//hardIron
{1.034776,-0.019334,0.006597,-0.019334,0.961972,0.006315,0.006597,0.006315,1.005058},//softIron
48.525284//magfield
}
};